#,Time,%Passes,Change,Test,Pass,Partial,Fail,Untested
0,Fri Nov 24 15:12:33 EST 2017,96,96,Assignment5Suite,AddEdgeTest0+ AddEdgeTest1+ AddEdgeTest2+ AddEdgeTest3+ AddEdgeTest4+ AddNodeTest0+ AddNodeTest1+ AddNodeTest2+ DelEdgeTest0+ DelEdgeTest1+ DelEdgeTest2+ DelNodeTest0+ DelNodeTest1+ DelNodeTest2+ NumEdgeTest0+ NumEdgeTest1+ NumNodeTest0+ NumNodeTest1+ TopoSortTest0+ TopoSortTest1+ TopoSortTest2+ TopoSortTest3+ TopoSortTest4+ TopoSortTest5+ TopoSortTest6+ TopoSortTest7+ , ,EfficiencyTest1- , ,
1,Fri Nov 24 15:27:12 EST 2017,96,0,Assignment5Suite,AddEdgeTest0 AddEdgeTest1 AddEdgeTest2 AddEdgeTest3 AddEdgeTest4 AddNodeTest0 AddNodeTest1 AddNodeTest2 DelEdgeTest0 DelEdgeTest1 DelEdgeTest2 DelNodeTest0 DelNodeTest1 DelNodeTest2 NumEdgeTest0 NumEdgeTest1 NumNodeTest0 NumNodeTest1 TopoSortTest0 TopoSortTest1 TopoSortTest2 TopoSortTest3 TopoSortTest4 TopoSortTest5 TopoSortTest6 TopoSortTest7 , ,EfficiencyTest1 , ,
2,Fri Nov 24 16:10:10 EST 2017,96,0,Assignment5Suite,AddEdgeTest0 AddEdgeTest1 AddEdgeTest2 AddEdgeTest3 AddEdgeTest4 AddNodeTest0 AddNodeTest1 AddNodeTest2 DelEdgeTest0 DelEdgeTest1 DelEdgeTest2 DelNodeTest0 DelNodeTest1 DelNodeTest2 NumEdgeTest0 NumEdgeTest1 NumNodeTest0 NumNodeTest1 TopoSortTest0 TopoSortTest1 TopoSortTest2 TopoSortTest3 TopoSortTest4 TopoSortTest5 TopoSortTest6 TopoSortTest7 , ,EfficiencyTest1 , ,
3,Fri Nov 24 16:52:34 EST 2017,0,-96,Assignment5Suite, , ,AddEdgeTest0- AddEdgeTest1- AddEdgeTest2- AddEdgeTest3- AddEdgeTest4- AddNodeTest0- AddNodeTest1- AddNodeTest2- DelEdgeTest0- DelEdgeTest1- DelEdgeTest2- DelNodeTest0- DelNodeTest1- DelNodeTest2- EfficiencyTest1 NumEdgeTest0- NumEdgeTest1- NumNodeTest0- NumNodeTest1- TopoSortTest0- TopoSortTest1- TopoSortTest2- TopoSortTest3- TopoSortTest4- TopoSortTest5- TopoSortTest6- TopoSortTest7- , ,
4,Fri Nov 24 17:57:17 EST 2017,77,77,Assignment5Suite,AddEdgeTest0+ AddEdgeTest1+ AddEdgeTest2+ AddEdgeTest3+ AddEdgeTest4+ AddNodeTest0+ AddNodeTest1+ AddNodeTest2+ DelEdgeTest0+ DelEdgeTest1+ DelEdgeTest2+ DelNodeTest0+ DelNodeTest1+ DelNodeTest2+ NumEdgeTest0+ NumEdgeTest1+ NumNodeTest0+ NumNodeTest1+ TopoSortTest4+ TopoSortTest5+ TopoSortTest6+ , ,EfficiencyTest1 TopoSortTest0 TopoSortTest1 TopoSortTest2 TopoSortTest3 TopoSortTest7 , ,
5,Fri Nov 24 17:58:58 EST 2017,0,-77,Assignment5Suite, , ,AddEdgeTest0- AddEdgeTest1- AddEdgeTest2- AddEdgeTest3- AddEdgeTest4- AddNodeTest0- AddNodeTest1- AddNodeTest2- DelEdgeTest0- DelEdgeTest1- DelEdgeTest2- DelNodeTest0- DelNodeTest1- DelNodeTest2- EfficiencyTest1 NumEdgeTest0- NumEdgeTest1- NumNodeTest0- NumNodeTest1- TopoSortTest0 TopoSortTest1 TopoSortTest2 TopoSortTest3 TopoSortTest4- TopoSortTest5- TopoSortTest6- TopoSortTest7 , ,
6,Fri Nov 24 18:19:26 EST 2017,77,77,Assignment5Suite,AddEdgeTest0+ AddEdgeTest1+ AddEdgeTest2+ AddEdgeTest3+ AddEdgeTest4+ AddNodeTest0+ AddNodeTest1+ AddNodeTest2+ DelEdgeTest0+ DelEdgeTest1+ DelEdgeTest2+ DelNodeTest0+ DelNodeTest1+ DelNodeTest2+ NumEdgeTest0+ NumEdgeTest1+ NumNodeTest0+ NumNodeTest1+ TopoSortTest4+ TopoSortTest5+ TopoSortTest6+ , ,EfficiencyTest1 TopoSortTest0 TopoSortTest1 TopoSortTest2 TopoSortTest3 TopoSortTest7 , ,
7,Mon Nov 27 12:19:04 EST 2017,96,19,Assignment5Suite,AddEdgeTest0 AddEdgeTest1 AddEdgeTest2 AddEdgeTest3 AddEdgeTest4 AddNodeTest0 AddNodeTest1 AddNodeTest2 DelEdgeTest0 DelEdgeTest1 DelEdgeTest2 DelNodeTest0 DelNodeTest1 DelNodeTest2 NumEdgeTest0 NumEdgeTest1 NumNodeTest0 NumNodeTest1 TopoSortTest0+ TopoSortTest1+ TopoSortTest2+ TopoSortTest3+ TopoSortTest4 TopoSortTest5 TopoSortTest6 TopoSortTest7+ , ,EfficiencyTest1 , ,
8,Mon Nov 27 15:33:50 EST 2017,100,4,Assignment5Suite,AddEdgeTest0 AddEdgeTest1 AddEdgeTest2 AddEdgeTest3 AddEdgeTest4 AddNodeTest0 AddNodeTest1 AddNodeTest2 DelEdgeTest0 DelEdgeTest1 DelEdgeTest2 DelNodeTest0 DelNodeTest1 DelNodeTest2 EfficiencyTest1+ NumEdgeTest0 NumEdgeTest1 NumNodeTest0 NumNodeTest1 TopoSortTest0 TopoSortTest1 TopoSortTest2 TopoSortTest3 TopoSortTest4 TopoSortTest5 TopoSortTest6 TopoSortTest7 , , , ,
9,Tue Nov 28 16:30:49 EST 2017,100,0,Assignment5Suite,AddEdgeTest0 AddEdgeTest1 AddEdgeTest2 AddEdgeTest3 AddEdgeTest4 AddNodeTest0 AddNodeTest1 AddNodeTest2 DelEdgeTest0 DelEdgeTest1 DelEdgeTest2 DelNodeTest0 DelNodeTest1 DelNodeTest2 EfficiencyTest1 NumEdgeTest0 NumEdgeTest1 NumNodeTest0 NumNodeTest1 TopoSortTest0 TopoSortTest1 TopoSortTest2 TopoSortTest3 TopoSortTest4 TopoSortTest5 TopoSortTest6 TopoSortTest7 , , , ,
10,Tue Nov 28 16:35:34 EST 2017,96,-4,Assignment5Suite,AddEdgeTest0 AddEdgeTest1 AddEdgeTest2 AddEdgeTest3 AddEdgeTest4 AddNodeTest0 AddNodeTest2 DelEdgeTest0 DelEdgeTest1 DelEdgeTest2 DelNodeTest0 DelNodeTest1 DelNodeTest2 EfficiencyTest1 NumEdgeTest0 NumEdgeTest1 NumNodeTest0 NumNodeTest1 TopoSortTest0 TopoSortTest1 TopoSortTest2 TopoSortTest3 TopoSortTest4 TopoSortTest5 TopoSortTest6 TopoSortTest7 , ,AddNodeTest1- , ,
11,Tue Nov 28 16:37:32 EST 2017,96,0,Assignment5Suite,AddEdgeTest0 AddEdgeTest1 AddEdgeTest2 AddEdgeTest3 AddEdgeTest4 AddNodeTest0 AddNodeTest2 DelEdgeTest0 DelEdgeTest1 DelEdgeTest2 DelNodeTest0 DelNodeTest1 DelNodeTest2 EfficiencyTest1 NumEdgeTest0 NumEdgeTest1 NumNodeTest0 NumNodeTest1 TopoSortTest0 TopoSortTest1 TopoSortTest2 TopoSortTest3 TopoSortTest4 TopoSortTest5 TopoSortTest6 TopoSortTest7 , ,AddNodeTest1 , ,
12,Tue Nov 28 16:37:53 EST 2017,100,4,Assignment5Suite,AddEdgeTest0 AddEdgeTest1 AddEdgeTest2 AddEdgeTest3 AddEdgeTest4 AddNodeTest0 AddNodeTest1+ AddNodeTest2 DelEdgeTest0 DelEdgeTest1 DelEdgeTest2 DelNodeTest0 DelNodeTest1 DelNodeTest2 EfficiencyTest1 NumEdgeTest0 NumEdgeTest1 NumNodeTest0 NumNodeTest1 TopoSortTest0 TopoSortTest1 TopoSortTest2 TopoSortTest3 TopoSortTest4 TopoSortTest5 TopoSortTest6 TopoSortTest7 , , , ,
13,Tue Nov 28 16:47:06 EST 2017,96,-4,Assignment5Suite,AddEdgeTest0 AddEdgeTest2 AddEdgeTest3 AddEdgeTest4 AddNodeTest0 AddNodeTest1 AddNodeTest2 DelEdgeTest0 DelEdgeTest1 DelEdgeTest2 DelNodeTest0 DelNodeTest1 DelNodeTest2 EfficiencyTest1 NumEdgeTest0 NumEdgeTest1 NumNodeTest0 NumNodeTest1 TopoSortTest0 TopoSortTest1 TopoSortTest2 TopoSortTest3 TopoSortTest4 TopoSortTest5 TopoSortTest6 TopoSortTest7 , ,AddEdgeTest1- , ,
14,Tue Nov 28 16:47:52 EST 2017,81,-15,Assignment5Suite,AddEdgeTest0 AddEdgeTest2 AddEdgeTest3 AddNodeTest0 AddNodeTest1 AddNodeTest2 DelEdgeTest0 DelEdgeTest1 DelNodeTest0 DelNodeTest1 DelNodeTest2 EfficiencyTest1 NumNodeTest0 NumNodeTest1 TopoSortTest0 TopoSortTest1 TopoSortTest2 TopoSortTest3 TopoSortTest4 TopoSortTest5 TopoSortTest6 TopoSortTest7 , ,AddEdgeTest1 AddEdgeTest4- DelEdgeTest2- NumEdgeTest0- NumEdgeTest1- , ,
15,Tue Nov 28 16:48:11 EST 2017,100,19,Assignment5Suite,AddEdgeTest0 AddEdgeTest1+ AddEdgeTest2 AddEdgeTest3 AddEdgeTest4+ AddNodeTest0 AddNodeTest1 AddNodeTest2 DelEdgeTest0 DelEdgeTest1 DelEdgeTest2+ DelNodeTest0 DelNodeTest1 DelNodeTest2 EfficiencyTest1 NumEdgeTest0+ NumEdgeTest1+ NumNodeTest0 NumNodeTest1 TopoSortTest0 TopoSortTest1 TopoSortTest2 TopoSortTest3 TopoSortTest4 TopoSortTest5 TopoSortTest6 TopoSortTest7 , , , ,
16,Tue Nov 28 16:53:51 EST 2017,100,0,Assignment5Suite,AddEdgeTest0 AddEdgeTest1 AddEdgeTest2 AddEdgeTest3 AddEdgeTest4 AddNodeTest0 AddNodeTest1 AddNodeTest2 DelEdgeTest0 DelEdgeTest1 DelEdgeTest2 DelNodeTest0 DelNodeTest1 DelNodeTest2 EfficiencyTest1 NumEdgeTest0 NumEdgeTest1 NumNodeTest0 NumNodeTest1 TopoSortTest0 TopoSortTest1 TopoSortTest2 TopoSortTest3 TopoSortTest4 TopoSortTest5 TopoSortTest6 TopoSortTest7 , , , ,
17,Tue Nov 28 16:58:04 EST 2017,100,0,Assignment5Suite,AddEdgeTest0 AddEdgeTest1 AddEdgeTest2 AddEdgeTest3 AddEdgeTest4 AddNodeTest0 AddNodeTest1 AddNodeTest2 DelEdgeTest0 DelEdgeTest1 DelEdgeTest2 DelNodeTest0 DelNodeTest1 DelNodeTest2 EfficiencyTest1 NumEdgeTest0 NumEdgeTest1 NumNodeTest0 NumNodeTest1 TopoSortTest0 TopoSortTest1 TopoSortTest2 TopoSortTest3 TopoSortTest4 TopoSortTest5 TopoSortTest6 TopoSortTest7 , , , ,
18,Tue Nov 28 17:01:28 EST 2017,100,0,Assignment5Suite,AddEdgeTest0 AddEdgeTest1 AddEdgeTest2 AddEdgeTest3 AddEdgeTest4 AddNodeTest0 AddNodeTest1 AddNodeTest2 DelEdgeTest0 DelEdgeTest1 DelEdgeTest2 DelNodeTest0 DelNodeTest1 DelNodeTest2 EfficiencyTest1 NumEdgeTest0 NumEdgeTest1 NumNodeTest0 NumNodeTest1 TopoSortTest0 TopoSortTest1 TopoSortTest2 TopoSortTest3 TopoSortTest4 TopoSortTest5 TopoSortTest6 TopoSortTest7 , , , ,
19,Tue Nov 28 17:02:44 EST 2017,100,0,Assignment5Suite,AddEdgeTest0 AddEdgeTest1 AddEdgeTest2 AddEdgeTest3 AddEdgeTest4 AddNodeTest0 AddNodeTest1 AddNodeTest2 DelEdgeTest0 DelEdgeTest1 DelEdgeTest2 DelNodeTest0 DelNodeTest1 DelNodeTest2 EfficiencyTest1 NumEdgeTest0 NumEdgeTest1 NumNodeTest0 NumNodeTest1 TopoSortTest0 TopoSortTest1 TopoSortTest2 TopoSortTest3 TopoSortTest4 TopoSortTest5 TopoSortTest6 TopoSortTest7 , , , ,
20,Tue Nov 28 17:09:59 EST 2017,100,0,Assignment5Suite,AddEdgeTest0 AddEdgeTest1 AddEdgeTest2 AddEdgeTest3 AddEdgeTest4 AddNodeTest0 AddNodeTest1 AddNodeTest2 DelEdgeTest0 DelEdgeTest1 DelEdgeTest2 DelNodeTest0 DelNodeTest1 DelNodeTest2 EfficiencyTest1 NumEdgeTest0 NumEdgeTest1 NumNodeTest0 NumNodeTest1 TopoSortTest0 TopoSortTest1 TopoSortTest2 TopoSortTest3 TopoSortTest4 TopoSortTest5 TopoSortTest6 TopoSortTest7 , , , ,
21,Tue Nov 28 17:12:32 EST 2017,100,0,Assignment5Suite,AddEdgeTest0 AddEdgeTest1 AddEdgeTest2 AddEdgeTest3 AddEdgeTest4 AddNodeTest0 AddNodeTest1 AddNodeTest2 DelEdgeTest0 DelEdgeTest1 DelEdgeTest2 DelNodeTest0 DelNodeTest1 DelNodeTest2 EfficiencyTest1 NumEdgeTest0 NumEdgeTest1 NumNodeTest0 NumNodeTest1 TopoSortTest0 TopoSortTest1 TopoSortTest2 TopoSortTest3 TopoSortTest4 TopoSortTest5 TopoSortTest6 TopoSortTest7 , , , ,
22,Tue Nov 28 17:13:13 EST 2017,100,0,Assignment5Suite,AddEdgeTest0 AddEdgeTest1 AddEdgeTest2 AddEdgeTest3 AddEdgeTest4 AddNodeTest0 AddNodeTest1 AddNodeTest2 DelEdgeTest0 DelEdgeTest1 DelEdgeTest2 DelNodeTest0 DelNodeTest1 DelNodeTest2 EfficiencyTest1 NumEdgeTest0 NumEdgeTest1 NumNodeTest0 NumNodeTest1 TopoSortTest0 TopoSortTest1 TopoSortTest2 TopoSortTest3 TopoSortTest4 TopoSortTest5 TopoSortTest6 TopoSortTest7 , , , ,
23,Tue Nov 28 17:19:10 EST 2017,100,0,Assignment5Suite,AddEdgeTest0 AddEdgeTest1 AddEdgeTest2 AddEdgeTest3 AddEdgeTest4 AddNodeTest0 AddNodeTest1 AddNodeTest2 DelEdgeTest0 DelEdgeTest1 DelEdgeTest2 DelNodeTest0 DelNodeTest1 DelNodeTest2 EfficiencyTest1 NumEdgeTest0 NumEdgeTest1 NumNodeTest0 NumNodeTest1 TopoSortTest0 TopoSortTest1 TopoSortTest2 TopoSortTest3 TopoSortTest4 TopoSortTest5 TopoSortTest6 TopoSortTest7 , , , ,
24,Tue Nov 28 17:23:09 EST 2017,100,0,Assignment5Suite,AddEdgeTest0 AddEdgeTest1 AddEdgeTest2 AddEdgeTest3 AddEdgeTest4 AddNodeTest0 AddNodeTest1 AddNodeTest2 DelEdgeTest0 DelEdgeTest1 DelEdgeTest2 DelNodeTest0 DelNodeTest1 DelNodeTest2 EfficiencyTest1 NumEdgeTest0 NumEdgeTest1 NumNodeTest0 NumNodeTest1 TopoSortTest0 TopoSortTest1 TopoSortTest2 TopoSortTest3 TopoSortTest4 TopoSortTest5 TopoSortTest6 TopoSortTest7 , , , ,
25,Tue Nov 28 17:24:54 EST 2017,100,0,Assignment5Suite,AddEdgeTest0 AddEdgeTest1 AddEdgeTest2 AddEdgeTest3 AddEdgeTest4 AddNodeTest0 AddNodeTest1 AddNodeTest2 DelEdgeTest0 DelEdgeTest1 DelEdgeTest2 DelNodeTest0 DelNodeTest1 DelNodeTest2 EfficiencyTest1 NumEdgeTest0 NumEdgeTest1 NumNodeTest0 NumNodeTest1 TopoSortTest0 TopoSortTest1 TopoSortTest2 TopoSortTest3 TopoSortTest4 TopoSortTest5 TopoSortTest6 TopoSortTest7 , , , ,
